y
y
0
5656
777
777
777
Username
Passcode
0
2252
777
777
777
游客6060
000
2
-1871666823
2103537856
-6851
-6851
a
a
0
-1902878743
497567980
466561780
-1232338075
0
0
0
565656
557575
55757
5757
游客
000
0
55666
57575
5757
5757
新用户lll
565656
0
5457
5757
5757
575
hahaha
hahaha
0
556
5757
5757
5757
hello
world
0
8855
5757
57575
57575
LWAN
！！！
0
1521814242
1397789442
57575
57575
4545
4545
0
23232
-6851
23232
23232
b
b
0
23232
-6851
-6851
-6851
9090
9090
0
-646802356
-6851
-6851
-474665998
ha
hai
0
23232
-6851
-6851
-6851
haha
hehe
2
650840578
-6851
-6851
-6851
c
c
0
2045108591
-6851
-6851
-1976534371
com
com
1
-373469288
-6851
1366783242
-6851
